$ANSIBLE_VAULT;1.1;AES256
38396433636333356664643438356465623337626236646231306135336562353339383536343238
3336656464363564623731366138386636363838363361370a653266356134306336326233386631
37633861646639356161663561626532626336636436666134643466383137396337633634393564
6663363031643132340a643933616232373434353634313839323861313966623166653563356438
62643034313262633335336366383766653837613339333533313636633762663535663631636361
39613564306438613534623334623936336337303863633365366532346630323934613434663735
65313764616165353034346362306362616133306339633733653839303966626265316135643934
38663363313737626135623537326264343664323034616266373631616264626532356134333233
32326133336462323735646438343165623336303839636434663831316230636631386238643935
62323834326332323466373833343935333638633464313865633232343038656234646535356635
61303335363661616633643234613432623732396462386230616237623630383530663661373466
31356239386239663137656262373234353232393737393030623430643036333435623331363635
31613738613531376133613933623237643530633564306637653936613036633864636665383634
3134663064326235613932363465626265633338366137303034
