$ANSIBLE_VAULT;1.1;AES256
35656662613666653765343366306366363934316464313434613965633536333162383130333930
3766626664663838626232663130636531366439623633610a353566383461363235383332383061
64666132346237656430663132396166626566313661326139656135613232313561643431303839
6630323338356462650a303932316164303133326230383738373237396537613231623636656263
30396365373038303763613761343334346231343930663261366137643430653465663130383231
64626664333236373530323666373635323062343934623663373431643434666637303139343636
64363037626636316362616134636136306535643934373866356463366233646465306634363964
31393631653539616466636338326137356334393539386633356139616364613663353932393666
33356161613839366539343137373362396436353761653961383163306466336135303066656131
34353162373631343161363166366130646664306131316539383938663335613139363161336163
66313865313838326661653565356534643439336239356234323765653730393932343962636639
62626537353762356336306463643233613166383865383634353563366466653863643038373163
65373836643237656231396664616465376561366163323039633733623162376466363139303132
61313464353866343833613237333338656631373262626461363064363863623366656239396631
38383763626634366262653732366431643363386539383033363130353930313061303736653533
64316434373534633161323939396431666230386463623832303336383266343235343739653766
33313962363466663066313337623134376435313231653362663933333261623931396130346361
66373361323133336633623861373965333839653639613539383339333063373932623939613030
36303637386630646162626237633733303065323064333936626336373065356134636464303932
31343836653165343261646130356162633930366433396163336330363234653535636332623761
31353761376432333661373737326631353863363163393761633534643035326534346466653336
32633161303636633634333337613436616364376333646333396434316632353331386432633531
63383436353366363039383331613739393064386330373264666130316234623565393135326362
35373035623861336538393764333665386236643237613035613734636633326132303339663366
65316134346539653465323237343833626535626531333432343663353436356636623262623931
31363864306163383936323433343137363665373065663738353034313665366263643534306438
65366631326331373637323439386361646434366664643839653830316538663738356134616664
38353163343638316234356236316663383433643233623330303238633035623034613238346338
6464
